 11  2.7  10 
 1.1  2.7  12 
 8  3.8  10 
 8  9  8 
 8  9 
 3.2  8  3.1 
 3.2  2.8  3.7  11 
 2.7  3.3  11 
 9  2.7  11 
 2.8  3.1  9 
 8  3.2  2.6  9 
 3.3  2.7  3.6  11 
 9  3.1  2.8 
 8  3.3  9 
 1.1  4.1  11 
 9  9 
 9  8  12 
 8  3.8  4.1  11 
 8  3.8 
 3.2  2.8  10  4.1  11 
 8  10  8 
 11  2.7  11 
 1.5  2.7  8 
 3.1  8  9 
 3.1  8  3.8  10 
 2.5  3.2  8  3.1 
 8  3.8 
 11  3.8 
 8  3.8  4.1  11 
 1.4  2.7  3.3  8 
 3.2  2.6  9  11 
 3.2  9  8  3.3 
 3.2  2.3  8  9  3.3 
 3.2  2.8  10  4.1  11 
 3.3  2.7  3.7  11 
 3.3  2.7  10  9  3.1 
 9  12 
 1.1  9  3.1 
 3.1  8  3.8  11 
 3.1  2.8  8 
 9  11  2.3  8 
 2.8  3.1  8 
 5 
 3.2  8  9  8  3.3 
 3.2  2.3  8  3.1  10 
 3.3  8  11 
 3.3  2.7  4.1  12  11 
 9  10  9  12 
 1.1  11  2.7  3.3 
 3.1  2.5  8  3.3 
 8  3.8 
 3.3  8  9  8 
 3.2  8 
 3.2  8 
 8  8 
 3.8  9 
 3.6  11 
 9  11 
 8  10 
 8  10 
 3.2  8 
 9  9 
 9  9 
 8  3.1 
 8  10 
 9  11 
 1.6  9 
 8  3.8 
 8  11 
 8  10 
 12  11 
 2.6  11 
 1.4  9 
 3.2  2.8  9 
 3.2  2.8  11 
 3.2  2.8  8 
 3.6  11 
 9  8  3.2 
 9  11 
 10  3.1 
 8  3.1 
 8  3.8 
 8  3.3 
 12  11 
 3.2  8 
 3.2  8 
 6  8 
 9  10 
 8  11 
 3.3  8 
 8  9 
 8  9 
 1.1  2.7  10 
 8  12 
 11  10 
 8  9  8 
 8  1.1 
 3.2  11  3.3 
 3.2  8  9 
 3.2  2.8  11 
 8  3.3  10 
 8  3.8  8 
 9  8 
 9  11 
 9  2.7  12 
 9  2.7  4.1  12  11 
 1.1  8  3.3  8 
 9  9  9  11 
 3.3  2.5  9  8 
 3.3  9  8  12 
 3.3  8  4.1  11 
 3.2  2.8  4.1  11  11 
 6  9  3.2  2.4  8 
 3.2  2.3  8  9  9 
 3.2  2.3  8  3.1  10  12 
 2.7  3.3  9  6  9 
 9  8  3.3  9  3.8 
 11  2.7  11 
 8  9  6  3.6  11 
 11  2.7  8  9 
 3.2  2.8  12  11 
 1.1  2.7  3.4  11 
 3.1  8  9  9 
 8  8  4.2  11 
 8  3.1  8  4.2  11 
 3.3  8  3.6  11  11 
 1.4  2.8  3.1  9 
 3.2  8  9  9  3.3 
 3.3  9  8  11 
 3.3  2.7  10  4.2  11 
 8  3.8  8  3.6  11 
 3.6  11  2.7  8 
 9  11  2.6  9  11 
 9  11  2.7  3.6  11 
 1.1  8  9  3.1 
 3.1  2.8  9  10  12 
 3.1  8  9  8  9 
 3.4  11  11  11 
 8  9  8  9  12 
 8  9  8  9  11 
 3.3  2.6  4.1  12  11 
 3.3  8  9  12 
 3.3  8  9  4.1  11 
 3.3  8  3.7  11 
 3.3  8  4.1  11 
 1.4  9  8  3.3  8 
 3.2  8  4.2  12  11 
 3.2  2.4  9  8 
 3.2  2.3  2.6  9  8  9 
 3.2  2.8  9  12  6  3.1 
 3.3  11  11 
 3.2  2.6  9  11 
 3.2  8  9  11 
 3.2  2.3  8  3.6  12 
 3.2  2.8  10  3.4  11 
 11  11  12  8 
 9  11  12  8 
 9  3.3  8 
 3.2  2.8  9  9  3.3 
 1.1  4.1  12  8 
 1.1  2.4  3.2  8 
 3.1  8  9  3.3 
 3.1  2.6  3.6  11 
 8  3.3  6  9 
 8  9  8  10  3.8 
 8  9  8  9  3.3 
 8  9  8  3.8  10 
 9  8  9  8 
 3.2  8  3.4  11 
 3.2  8  3.4  11 
 3.2  2.3  8  9  9 
 3.2  2.3  8  3.3  9 
 3.3  2.7  4.1  11  11 
 9  11  6  8 
 8  10  3.4  11 
 9  2.7  12  3.2  8 
 4.2  11  2.7  11 
 4.2  11  2.6  11 
 9  8  4.1  11 
 1.1  11  2.7  11 
 1.1  8  3.1  8 
 1.5  8  3.1  9 
 1.5  2.7  8  9 
 9  3.2  8  9 
 8  9  8  9  12 
 8  9  8  3.8  9 
 3.3  2.7  4.1  12  11 
 3.3  2.7  12  4.1  11 
 3.2  8  8  6  9 
 3.2  2.6  4.1  12  11 
 3.3  2.7  8  8 
 3.3  8  9  9 
 3.3  2.7  8  9  10 
 2.5  3.2  8  3.4  11 
 3.3  2.6  4.1  11  11 
 9  9  11  2.7  12 
 3.2  2.8  9  12  9  9 
 3.2  8  8  9  8  3.8  9 
 3.2  2.6  4.2  12  9  8 
 3.2  8  3.3  8 
 3.2  8  3.1  8  9 
 3.2  8  10  4.2  11 
 3.2  2.3  9  8  3.3  9  11 
 3.2  2.8  9  9  3.2  2.5  8  3.3 
 3.2  2.8  9  8  9  8 
 2.7  4.2  11  11  12 
 2.5  3.2  8  9  8 
 8  8  9  4.1  11 
 9  8  9  11 
 4.2  11  2.7  12 
 3.3  2.8  10  12  6  11 
 3.2  9  8  11 
 3.2  9  8  4.2  11 
 1.1  2.3  3.2  8  9 
 1.6  8  3.1  8  10  12 
 2.4  3.1  8  9  8 
 3.1  2.8  9  8  3.8 
 8  3.1  8  4.2  11 
 8  3.1  8  11  11 
 8  9  8  10  8  8 
 3.3  8  3.8  12 
 3.3  8  10  9  12 
 1.4  9  4.1  11  11 
 3.2  2.5  8  9  6  9 
 3.2  8  8  6  3.1  10  8 
 3.2  8  9  11  6  11 
 3.2  8  3.3  9  3.6  11  11 
 3.2  2.3  8  9 
 3.2  8  3.2  8  3.6  11 
 3.3  8  9  8  11 
 8  3.8  10  12 
 9  6  3.4  11 
 9  4.1  11  2.2  8 
 3.3  2.8  11 
 1.1  4.1  12  11  3.3  2.7 
 1.1  2.7  12  9  3.1 
 3.1  2.8  4.1  11 
 3.3  2.7  8  11 
 3.3  2.2  9  4.1  11  12 
 3.2  2.3  8  9  12 
 3.2  2.3  9  8  3.3 
 3.3  2.7  12  1.1  3.2  8 
 3.3  9  12  3.8 
 9  9  11 
 5  3.1  2.8  8  3.8 
 3.3  2.6  8  9  11 
 11  2.7  12  10  12 
 9  2.7  4.1  12  11 
 1.1  12  11 
 1.7  2.4  3.1  8 
 3.3  2.6  4.1  11  6  11 
 3.3  2.7  8  4.1  12  11 
 3.3  2.7  8  9  4.1  11 
 3.2  8  11  3.8 
 3.2  8  9  8  9  3.3 
 3.2  8  10  10  12 
 3.2  8  4.2  11  3.8 
 3.2  8  3.1  9  3.6  11 
 3.2  9  8  3.8 
 3.2  2.8  8  10  9  3.6  11 
 3.3  2.7  12  8  8 
 3.3  2.7  10  4.2  11 
 4.2  11  2.6  9  11 
 3.3  8  3.8  9 
 11  2.7  4.1  11  11 
 3.1  2.5  8  3.8  9  11 
 8  9  8  9  8  3.1  10 
 8  9  8  3.1  2.8  9 
 3.2  2.6  9  8  4.2  11 
 3.2  2.6  9  8  3.1  9  11 
 3.2  2.2  9  6  9  12 
 3.3  2.7  4.1  12  11 
 3.3  2.7  12  12  6  3.1 
 3.6  11  2.7  8  4.1  11 
 11  2.3  8  9  11 
 3.3  2.7  8  4.2  11 
 4.2  11  2.8  3.6  11 
 12  8  8  9  8  9 
 9  2.7  12  4.2  12  11 
 2.4  3.1  8  4.1  11  6  11 
 3.1  9  8  12  9 
 9  2.6  3.7  11 
 3.3  8  9  4.2  11  10  9 
 3.3  8  10  9  3.7  11 
 3.3  8  3.7  11  10  4.2  11 
 3.3  2.2  12  10  3.7  11 
 3.3  2.3  8  9  6  8 
 3.7  11  11  4.1  11 
 3.2  2.6  9  9  8  3.1 
 3.2  2.6  8  9  9  8  9  8 
 10  2.7  8  9  4.1  11  2.3  3.2 
 8  8  3.8  8  4.2  11 
 9  2.7  6  3.2  8  11 
 1.1  8  3.1  8  3.8  9  8 
 1.1  3.1  10  2.2  9  9 
 3.1  2.5  12  8  6  8 
 3.2  2.4  8  9  8  9 
 3.3  2.7  11  3.1  8  9  11 
 9  8  10  4.2  11 
 3.3  2.2  9  12 
 8  3.1  9  3.4  11 
 9  2.7  4.2  12  11 
 9  8  4.2  11  11 
 3.3  2.8  8  9  4.2  11 
 11  2.8  8  9 
 3.2  2.8  9  12  9  8 
 1.2  8  3.1  8  9  8 
 3.1  2.5  8  1.1  3.1  8 
 2.8  3.1  8  9  9 
 8  12  9  9  8  9 
 11  2.7  4.1  12  11 
 8  3.1  8  9  11 
 8  9  8  9  3.4  11 
 8  9  8  3.8  12  11 
 3.3  2.6  4.1  12  11 
 3.3  2.6  8  4.2  11 
 3.3  2.6  9  4.1  11  11 
 3.3  2.7  12  6  9  11 
 3.3  8  9  4.1  12  11 
 3.3  2.2  9  4.1  12  8 
 3.7  11  2.8  9  11 
 1.4  9  8  9  4.1  11 
 3.2  8  3.2  2.6  8  4.1  11 
 3.2  2.2  8  11  6  8 
 9  3.2  9  8  1.1  3.2  8 
 10  2.7  4.1  12  11 
 4.2  11  2.8  9  10  9 
 9  2.3  8  4.1  11 
 3.2  8  10  4.2  11  11 
 1.1  3.1  10  2.7  12  8 
 1.1  2.7  3.4  12  8 
 4.2  11  12  8  4.2  11 
 4.2  11  2.7  6  12  11 
 8  9  9  3.1  8 
 3.2  2.8  8  10  3.5  11 
 3.1  8  9  6  3.1  8  9  11 
 3.1  2.4  8  10  3.3  3.8 
 8  3.4  11  10  9  4.2  11 
 3.3  8  3.8  9  4.1  11 
 3.3  8  3.6  11  12 
 3.3  2.7  12  9  12  11  11 
 3.7  11  2.8  9  11  11 
 3.2  2.8  12  1.4  2.7  3.4  11 
 3.2  8  9  8  9  6  4.2  11 
 3.2  8  3.8  8  10  4.2  11 
 3.2  8  4.2  11  11 
 3.3  2.6  8  8  11 
 9  2.8  9  11  10  4.2  11 
 1.1  9  8  4.1  11  12 
 3.1  2.4  9  8  9  3.1  8 
 3.1  8  1.1  3.2  2.8  8  9 
 3.2  8  3.1  9  11  6  3.6  11 
 3.2  2.6  4.1  12  11  6  11 
 3.3  2.7  4.1  11  10  3.1  6  3.8 
 3.3  2.7  12  11  6  3.1  9  8  3.8 
 10  2.7  8  4.2  11  10  12 
 11  2.7  4.1  11  6  11 
 11  2.7  8  9  8  11 
 4.2  11  3.1  8  9  2.7  8  9 
 4.2  11  2.2  9  12  9  8 
 4.2  11  2.5  8  10  9  11 
 3.4  11  2.7  3.4  11  11 
 2.8  3.1  8  9  2.6  4.1  11 
 2.8  9  3.1  12  9  3.3 
 8  9  8  9  8  10  8 
 3.3  8  3.8  10  4.2  11 
 3.3  2.2  8  9  8  4.1  11 
 3.2  8  9  2.6  9  8  9  3.8 
 3.2  2.6  9  8  4.2  11 
 3.2  2.2  9  9  8  9 
 3.3  8  9  8  4.1  12  11 
 3.2  2.6  8  9  8  8  9 
 8  9  3.4  11 
 3.3  8  4.2  11  10  3.8 
 9  11  2.7  10  12  11 
 9  8  3.8  2.7  12  9 
 11  2.7  4.2  11  6  11 
 3.2  8  9  9  3.4  11 
 1.1  8  3.1  8  6  9  11 
 4.1  11  11  2.3  8  9  11 
 8  9  9  9  4.2  11 
 3.2  2.6  3.6  11  11  12  11 
 3.2  2.8  12  9  2.6  12  3.1 
 8  3.4  11  10  8 
 8  6  10  2.8  12 
 3.6  12  11  2.8  8  9  3.3 
 8  9  3.1  2.7  4.1  11 
 4.2  11  2.8  8  9  4.2  11 
 3.2  2.5  8  3.1  4.1  11  6  11 
 3.3  2.7  12  9  8  10  12  11 
 10  2.7  8  4.1  12  8  9  11 
 3.3  8  9  6  9  11 
 8  3.3  8  1.1  2.3  3.2  8 
 4.2  11  2.7  8  9  11 
 4.2  11  2.7  12  9  9  11  10 
 9  2.7  4.1  12  9  9  3.1 
 1.1  3.3  8  9  2.7  8  11 
 1.5  6  11  2.4  8  9  4.1  11 
 3.1  2.4  2.6  4.1  11  6  3.4  11 
 3.1  2.3  9  8  8  9  4.2  11 
 3.3  8  9  8  9  9  8 
 3.3  2.7  4.1  12  11  1.3  3.3  2.7  12 
 9  2.7  4.1  11  10  4.2  11 
 3.3  8  3.7  12  11 
 1.1  4.1  12  9  11  3.3  2.7 
 2.3  3.1  11  3.8  10  10  3.6  11 
 3.1  2.5  8  9  3.1  8 
 3.1  2.8  8  9  4.1  11 
 10  9  8  3.1  2.8  9 
 6  1.5  2.3  8  9  4.2  11  11 
 8  4.2  11  10  3.1  8 
 8  9  8  3.8  9  3.1  8 
 3.3  8  3.8  9  11  11 
 3.3  8  3.7  11  10  4.2  11 
 3.3  9  8  10  4.2  11 
 4.2  11  2.5  8  12  9  3.8 
 3.2  8  9  8  9  9  9 
 3.2  9  8  9  8  9  11 
 3.2  8  3.1  2.6  4.2  12  11 
 3.2  2.4  9  8  10  12  9 
 3.2  2.4  8  9  8  10  9  11 
 3.3  2.7  12  6  9  12 
 4.2  11  10  12  2.7  3.7  11 
 9  2.7  4.1  11  10  4.2  11 
 3.2  9  8  3.8  9  3.7  11 
 2.3  3.1  8  8  9  9 
 2.4  3.1  8  9  8  4.1  11 
 3.1  2.5  9  8  4.2  11  11 
 3.1  2.5  9  9  8  3.8  4.2  11 
 2.8  3.4  11  11  11 
 2.5  3.1  8  9  11  11 
 3.3  8  3.1  8  9  10  9 
 3.3  2.2  8  9  4.1  11  6  11 
 5 
 12  9 
 3.2  2.8  11  11 
 9  3.2  2.8 
 1.4  2.8  3.1 
 9  8 
 3.3  2.7  12  9  8  3.1 
 1.4  2.8  3.1  9  9 
 12  9  11 
 8  3.1  9 
 8  10  8 
 8  10 
 8  10  8 
 8  9  8  3.4  11 
 8  3.1  8 
 9  3.2  8 
 9  3.2  8  9  8 
 8  6  8 
 9  8  8 
 9  2.7  12 
 10  2.7  8  9 
 9  2.7  11  11 
 9  2.7  4.1  11 
 9  2.7  3.4  11 
 3.3  2.7  4.1  11 
 2.7  3.3  11 
 9  3.3  2.7  11 
 1.2  2.7  4.2  11 
 9  3.3  2.7 
 1.1  2.8  12 
 3.3  2.8  11 
 1.2  2.8  4.2  11 
 9  3.3  2.8 
 12  2.8  3.6  11 
 1.2  2.8  3.4  11 
 3.3  2.8  10  9 
 2.8  12  3.4  11 
 9  3.3  2.8 
 3.3  2.8  11 
 12  2.8  3.4  11  2.8  9  3.3 
 9  3.3  2.8  9 
 3.3  2.8  9  11 
 12  2.8  11  6  3.3  2.8  11 
 3.3  2.8  9  3.4  11  2.8  3.3 
 1.5  2.8  3.1 
 3.2  2.8  4.1  11 
 3.3  11  2.8  9  11  12 
 2.8  3.2  3.4  11 
 9  3.1  2.8 
 9  3.3  2.7 
 1.5  2.8  3.3  11 
 9  3.3  2.8  11 
 2.8  9  3.3  11 
 3.2  9  8  9  8 
 1.1  2.7  3.4  11 
 1.1  2.7  3.4  12  8 
 3.6  12  10  2.7  11 
 1.4  8  3.1  8  3.4  12  8 
 1.1  2.7  3.4  11  2.7  8 
 3.7  11  2.7  11  11 
 11  6  3.2  2.8  12  11 
 2.8  3.1  11  2.7  11 
 9  3.2  2.8  9 
 1.4  8  3.1  8 
 9  8  9  8  3.1 
 1.1  11  2.7  11 
 1.1  11  2.2  9 
 9  2.2  9 
 1.1  11  2.7  11 
 8  11  2.2  9  2.2  9  3.3 
 9  3.3  2.2 
 1.1  11  2.7  12  11 
 1.2  2.1  3.1  10  9 
 3.1  2.1  9  10  9  2.1  9  3.1 
 9  3.2  2.2  9 
 8  3.1  2.6  4.1  11 
 9  3.2  8 
 9  3.2  8  9 
 9  3.2  8  3.3  8 
 8  9  3.1  2.6  3.6  11 
 9  3.2  2.6  9  3.4  11  6  3.4  11 
 8  11  2.6  4.1  11  11 
 9  3.3  8 
 9  3.3  8  9  2.6  11 
 1.1  11  2.7  3.3 
 3.3  2.7  11 
 3.3  2.7  4.1  11  11  10  12 
 3.6  11  2.7  12  6  3.4  11  2.7  12 
 11  3.8  2.5  3.1  8  3.8  4.2  12  11 
 3.2  8  9  8  1.1  11  3.3  2.7 
 3.2  8  9  8  3.3  2.7  12  9 
 3.2  8  10  9  12  12  11 
 2.3  3.1  8  9  10  12  9 
 9  3.2  2.3 
 3.2  8  9 
 1.1  2.7  4.2  11  11 
 1.3  2.1  3.1  8 
 9  2.7  3.6  11 
 3.2  8  9  8  4.2  12  11 
 1.2  2.1  3.1  8 
 3.2  8  9  8  9  9  9 
 10  2.7  8  9  9  9 
 1.2  2.3  3.1  8  9  11  10  9  11 
 1.1  8  3.1  8 
 3.2  8  4.1  11  6  11 
 1.1  2.4  3.1  8  9  8 
 8  8  3.8  4.1  11  6  11 
 1.7  11  2.4  3.1  8  9  11  6  9  11 
 3.3  8  9  8  9  3.8 
 3.2  2.8  12  6  9  6  3.8  2.8  12  9  9 
 2.4  9  3.1  8  9  11 
 3.2  2.4  9  2.6  9  11  6  3.1  8  9  8 
 8  3.1  8  9  6  3.3  11 
 11  6  12  6  3.8  8  11 
 9  6  3.3  11  2.8  11  6  11 
 2.7  3.3  4.2  12  11  10  4.2  12 
 8  3.1  8  11 
 9  4.1  12 
 1.1  2.7  3.7  11  11 
 3.2  8  9  8  1.1  3.7  11  11  2.7 
 3.6  11  11  6  8  12  11 
 9  3.2  8  8  1.3  3.2  8  11 
 1.1  2.8  3.1  8 
 3.2  2.8  8  4.1  11 
 3.3  2.7  8  3.7  11 
 3.2  2.8  9  8  9  9  9 
 1.2  2.8  3.1  8 
 3.2  2.8  8  11 
 1.1  11  2.8  3.1  8  9 
 3.2  2.8  9  9  1.1  11  3.2  2.8  8  9 
 1.1  2.8  3.1  8  9 
 3.2  2.8  8  9  3.6  11 
 1.5  2.8  3.1  8  9 
 9  4.2  11  1.5  2.8  3.1  12  9 
 3.2  2.8  9  12  9  11 
 1.4  12  2.8  3.1 
 1.4  9  2.8  9  10  3.4  11 
 3.6  11  2.7  4.2  12 
 3.2  2.8  4.2  12 
 8  1.4  12  3.2  2.8 
 3.2  9  8  10  9 
 3.2  8  10  10  12  12  11 
 10  3.2  8  8  3.2  2.6  11 
 9  3.2  2.6  4.1  12  11 
 3.2  8  4.2  11  10  12  2.8  9  11 
 3.2  8  9  8  10  12  12  9 
 3.2  8  9  9  9 
 3.2  8  9  9  11  10  9  12 
 3.2  8  11  10  9  12 
 3.2  9  8  9  11  10  9  12 
 3.2  8  10  9  6  8  10  10  12 
 8  3.1  8  8  9  9 
 9  3.2  8  8  6  2.6  11 
 3.2  8  4.2  11  10  12  6  8  9  8  10  9 
 8  3.1  8  9  11 
 3.2  8  8  10  9  6  8  11 
 1.2  8  3.1  8  9 
 3.2  8  9  8  4.1  11  6  11 
 1.1  8  3.1  8  9 
 1.1  8  3.1  8  3.8 
 3.2  8  3.8  6  3.3  8  11 
 3.3  8  3.3  8  4.1  12  11 
 9  3.2  8  3.8  1.4  12  3.3  2.2 
 3.3  8  3.3  2.4  9  9  8  3.7  11 
 3.3  8  9  9  6  3.6  11 
 3.2  8  9  8  10  9  6  8  10  10  12 
 3.2  8  9  8  8  9  12  9 
 3.2  9  8  9  8  9  8  10  9 
 3.2  8  9  8  8  10  9  12  11 
 3.2  8  9  2.6  11  12  11  10  4.2  12  11 
 3.2  8  9  2.6  11  10  9  6  8  9  11  12 
 1.2  8  3.1  8 
 1.1  2.7  3.4  11 
 3.2  2.8  9  9  6  11 
 1.4  11  2.6  3.1  8  9 
 3.3  2.7  8  3.8  9  10  12  11 
 3.2  2.6  8  11  12  3.6  11 
 3.2  2.6  9  8  9  11 
 1.2  2.1  3.1  9  9 
 3.2  2.2  10  12  9  9 
 1.1  2.1  3.1  8  10  9  12  9  9 
 3.2  2.2  8  9  4.2  11 
 1.1  2.1  3.1  8  1.3  3.2  8  3.1  10  4.2  11 
 1.3  3.1  8  3.8  3.2  2.2  8  11 
 11  3.1  2.1  8  11  3.2  2.2  8  4.1  11 
 11  3.2  2.1  8  11  11  2.2  8  10  4.2  11 
 2.5  3.1  11  1.1  3.2  2.2  8  9  9 
 3.2  2.6  8  1.1  3.3  8  3.7  11  2.2 
 3.2  2.6  8  1.1  11  3.3  8  3.3  2.6  11  12  9 
 3.3  8  11  12  9  3.2  2.1  8  11 
 1.1  11  2.7  3.4  11 
 3.6  11  2.6  4.1  11  11  11 
 3.2  8  4.2  11  6  9  11 
 9  11  2.7  12  9  9  9  9  11 
 9  11  11  11 
 8  8  3.8  3.3  11 
 2.4  3.1  8  3.8  8  9  11  11 
 8  3.4  11  10  10  4.2  11 
 8  10  3.6  11  10  4.2  11  2.3  3.1  8 
 8  8  9  11  3.8  9  3.2  2.8  9  12 
 6  3.1  2.6  11  2.3  3.1  8  3.8  9 
 2.3  3.1  8  3.8  4.1  11 
 8  8  4.2  11  10  9  11 
 8  8  9  8  10  9  11 
 11  3.8  11  2.5  3.1  8  3.8  9  11 
 3.3  2.7  11  11  12  9 
 8  9  10  4.2  12  11 
 1.4  10  2.7  3.3  9  4.2  11 
 4.2  11  2.7  12  10  4.2  11 
 2.4  3.1  8  3.8  1.2  4.2  12  11  2.7 
 2.4  3.2  8  9  11  6  9  11 
 2.8  3.1  8 
 9  3.2  2.8  9  8  3.2  2.8  11  11 
 1.4  11  2.6  3.3  8  8 
 3.3  2.6  8  8  9  9  4.1  11  11 
 8  3.3  2.6  11 
 3.3  2.6  4.1  11  12  11 
 3.3  8  9  8  1.3  4.2  11  2.3  8 
 1.2  8  3.1  8  10 
 9  8  9  8  4.1  11  11  10  4.2  11 
 9  6  3.3  11  2.6  8  8  10  4.2  12  12  11 
 2.8  3.4  11  12  12 
 3.2  9  8  9  11  12  9 
 4.1  12  11  12  4.2  12  11  11 
 1.1  11  2.8  3.1  8  9  8  10  9  9 
 3.2  2.3  9  8  10  9  6  8  10  10  9 
 1.1  2.3  3.1  8  9 
 10  3.2  8  8  3.2  2.3  2.6  11 
 1.1  2.3  3.1  8  9 
 10  2.3  3.1  2.6  9  11  11  11 
 3.2  2.3  8  4.2  11  10  9  6  8  9  4.2  11  10  9 
 3.2  2.3  9  8  9  9  11  10  9  9 
 2.8  3.1  8  9  2.6  11  10  12  9  9 
 3.2  2.3  9  8  11  6  8  11 
 1.3  3.2  8  12  3.2  2.3  9  8  12  9  11 
 8  3.1  8  3.1  2.3  8  12  9  8  9  8  9  9 
 1.4  2.7  4.2  11  11 
 4.2  11  2.7  12  9 
 9  3.3  8  9  11 
 3.3  2.7  8  9  11  11 
 3.3  2.7  8  12  9  9 
 2.7  3.3  8  9 
 3.3  2.3  9  9  10  9  9 
 9  2.7  4.2  12  11  6  8 
 1.1  2.7  4.2  11  11 
 1.4  2.8  3.1  8  9 
 3.2  8  9  8  9  9  9  9 
 3.2  2.2  11  11  6  3.2  2.8  9  9 
 1.7  6  3.4  11  2.7  12 
 3.6  12  11  11  3.3  8  9  9 
 3.2  2.6  8  4.1  11  10  3.6  11 
 1.7  11  11  2.7  3.3  4.2  12  11 
 1.4  8  3.1  8  3.4  11 
 3.2  8  10  4.2  11  6  8  10  3.2  8  3.6  11 
 3.4  12  11  2.7  8  8  3.3  8 
 3.2  8  3.1  2.3  8  9  9 
 10  8  10  3.2  8  10  4.2  11  6  8  4.1  11 
 9  3.2  8  8  3.6  11  6  11  3.6  11 
 10  8  3.6  11  3.2  8  10  3.6  11 
 3.2  11  3.7  11  6  11  6  9  3.2  8  3.8 
 3.3  9  8  9  11  10  3.7  11 
 9  3.1  2.8  8  9  9 
 3.2  8  3.1  2.8  8  9  9 
 3.2  8  11  11  12 
 9  3.2  8  11  11 
 8  3.1  8  3.3  2.7  8  9  8  9 
 3.2  8  9  8  6  3.3  2.3  8  6  9 
 3.3  2.7  8  6  3.3  8  9  9  11  11 
 1.1  8  3.1  8  6  3.6  11 
 3.2  8  3.1  2.6  9  12  11 
 8  8  3.8  3.4  12  11 
 8  3.1  9  8  9  8  1.1  3.2  8 
 1.1  8  3.1  8  9  8  9 
 8  11  3.8  9  4.1  12  11  3.2  8  9  8  9 
 3.2  8  3.2  2.3  8  9  8  9  6  8  9  4.2  11 
 3.3  2.7  12  9  8  4.1  11  10  8  9  4.2  11 
 3.2  2.8  8  9  8  3.5  11 
 9  2.7  4.1  12  11 
 3.2  2.8  8  9  8  4.1  11  11  10  4.2  11 
 2.4  3.1  8  8  9  9  11 
 6  9  2.7  4.1  11  3.1  2.3  8  3.2  2.4  8  9  8  9  3.1 
 10  3.1  8  3.3  10  8  8  3.8  8  1.1  3.1  8 
 3.2  2.8  12  9  8  1.1  3.4  11  2.7 
 3.2  2.8  12  3.1  2.6  8  4.2  12  11 
 3.2  8  9  8  3.1  9  8  3.4  11 
 2.3  3.1  8  3.6  11 
 1.1  2.6  3.1  8 
 3.3  8  9  8  9  8  9  9  11  3.6  11 
 3.3  8  9  8  10  3.7  11 
 3.1  2.5  8  9  3.1  8 
 3.2  2.8  12  9  8  3.4  11 
 3.3  8  3.3  2.7  12  6  3.3  8  9  8  9 
 6  3.2  2.6  9  11  3.2  2.8  8  9  8  4.1  11  11 
 1.4  2.8  3.1  10  2.8  3.1  8  9  11 
 3.2  8  3.1  2.6  4.1  12  11  10  3.4  11 
 3.2  2.8  8  8  11  3.2  8  8 
 1.4  9  11  2.1  10  4.2  11 
 3.7  11  2.2  8  10  4.1  11  11 
 2.4  3.1  8  9  8  9  4.1  11 
 3.2  2.8  8  11  6  3.2  8  9  8  9  8 
 9  11  11  12  12  10  3.1 
 3.2  2.4  8  9  8  10  9  11 
 3.2  2.8  12  10  8  4.1  12  11 
 1.1  2.7  4.2  11  6  9  12  11 
 1.4  9  8  3.2  8  3.1 
 1.1  2.4  3.1  8  9  8 
 1.7  2.4  3.1  9  2.6  11  6  8 
 3.2  8  3.6  11  12  8 
 3.2  2.3  2.6  8  11  6  11  11 
 2.4  3.1  8  8  4.2  11 
 3.3  11  12  11  10  9  11 
 3.1  2.6  3.4  11  6  12  11  6  11  11 
 4.2  12  10  2.2  12  6  3.3  8  3.3 
 9  4.2  11  3.2  8  9  4.2  11  2.6  9  8 
 10  4.2  11  2.2  10  3.2  9  8  9  8  9  9  8 
 4.2  11  2.2  8  9  3.2  8  9  8  9 
 3.2  8  9  8  8  9  9 
 1.7  2.4  3.1  9  8  8  8  6  8  9  4.1  11 
 2.4  3.1  8  9  8  9  4.1  11  11 
 3.4  11  2.3  8  9  9  10  12 
 8  8  10  9  11  11 
 2.8  3.1  8  9  4.1  12  11 
 3.2  2.4  9  8  4.2  11  6  3.2  2.2  11 
 8  8  9  3.1  8  9  3.2  2.5  9  8  11 
 2.3  3.1  8  8  4.2  11  1.3  3.1  8 
 8  3.1  8  4.2  11  2.5  8  8 
 3.3  8  10  3.8  8  9 
 3.6  11  2.6  4.1  11  11  12  11 
 3.3  2.6  9  8  10  4.1  11  11 
 3.1  2.8  8  10  4.2  11 
 3.2  8  9  8  4.1  11  11  11 
 4.2  11  2.7  10  2.4  3.1  8  3.3  8 
 2.4  3.1  8  9  8  4.1  11 
 3.2  2.6  9  8  10  9 
 1.4  11  2.6  3.3  8  9  3.1  2.6  8  9  3.4  11 
 1.3  2.2  4.2  12  11  3.3  8  3.1 
 3.2  2.8  9  12  1.3  3.2  8  9  8  9  11 
 3.2  8  9  3.6  11  12  9  3.2  2.4  9  8  3.3  9  9  12 
 3.2  8  4.2  11  10  4.2  11  10  4.2  11 
 8  12  8 
 8  12 
 2.5  3.1  8  9  9  3.8 
 8  9  8 
 3.3  8  3.3 
 9  2.7  12 
 12 
 12  11 
 3.3  8  3.3  9  9 
 8 
 3.3  2.7  8  9 
 3.3  2.7  12 
 3.3  2.7  12  12 
 3.3  2.7  12  12 
 1.4  2.8  3.1 
 1.4  2.7  8  8 
 3.2  8  9 
 3.2  8  9  8  1.4  9  8  3.3 
 3.2  8  9  8  3.8 
 3.2  8  9  8  3.3 
 3.2  8  9  8  9  9 
 3.2  8  9  8 
 3.2  8  9  8  3.3 
 3.2  8  9  8  9 
 3.2  8  9  8  9  11  3.1 
 3.2  8  12 
 3.2  8  9  6  8  10  12 
 3.2  8  3.1  6  3.4  11  2.6  4.1  12  11 
 3.2  8 
 3.2  8  3.7 
 3.2  8  3.6  11 
 3.2  8  3.1 
 3.2  8  9  8  8 
 3.2  8  9  8  11 
 3.2  8  3.3  8  12 
 3.2  8  3.3  2.7  12  12 
 3.2  2.4  8  9  8  9  4.1  11 
 3.2  2.3  8  3.1  1.3  3.2  8 
 3.2  2.3  8  9  9 
 3.2  2.3  8 
 3.2  2.3  8  3.3 
 3.2  2.3  8  3.1  9  4.2  11  11 
 3.2  2.8  8  3.6  11 
 3.2  2.8  11 
 3.2  2.8  8  9  11  3.1  10 
 3.2  2.8  8  9  8 
 3.2  2.8  12  6  3.1 
 3.2  2.8  12 
 3.2  2.8  12 
 3.2  2.8  8 
 3.2  2.8  9  12 
 3.2  2.8  9  8 
 3.2  2.8  9  12  9 
 3.2  2.8  9  9 
 3.2  2.8  12  3.2  2.8  8  9 
 3.2  2.8  12 
 3.2  2.6  8  9  9  11  11 
 3.2  2.6  9  8  9  9 
 9  4.1  12 
 9  4.1  11 
 8  3.8  8 
 8  3.8  8  9  3.3 
 10  2.7  10  2.6  4.1  11 
 10  2.7  11  11 
 9  8 
 9  11 
 9  8  3.1 
 9  9 
 9  9 
 9  9 
 6  8 
 8  8  9  9  8 
 8  8  3.8  9  9  8 
 8  8  3.3  10 
 9 
 9  9 
 9  9 
 8  3.1  9 
 8  3.1  9 
 8  3.1  9 
 3.3  2.7  12 
 12  9  11  3.1 
 8  4.1  11 
 8  3.3  10 
 8  3.8 
 8  3.1  8 
 8  3.1  11 
 8  3.1  9  9 
 8  3.1 
 8  9  9 
 8  9  3.4  11 
 9  8  11 
 9  8  9 
 9  2.7  12 
 9  2.7  12 
 9  2.7  3.3 
 9  2.7  12 
 4.2  11  2.7  10  4.2  11 
 3.3  2.3  8  9  9 
 3.3  2.8  4.2  12 
 3.3  2.8  9  12 
 9  8  9  8 
 9  2.7  12  12 
 9  2.7  12  12 
 8  3.3 
 9  12  8 
 3.2  8  3.3  9  9 
 9  9 
 3.4  11  2.8  9  9 
 3.1  2.8  11 
 3.1  2.8  9  12 
 3.1  2.8  9  12 
 9 
 12  9 
 12  9  11 
 12  11 
 12  9 
 11 
 12  11 
 2.6  4.1  12  11 
 12  9  8  3.1 
 8  8  3.8 
 4.1  11  11  11 
 4.1  11  11  11 
 2.8  3.1  8  9  8  3.7 
 10  1.1  11 
 2.5  3.1  8  9  8 
 8  3.1  2.6  9  11 
 8  3.1  8  1.4  9  8 
 8  3.1  8  1.1  9  8 
 8  3.1  8  3.8  9  8  6  11  3.1  10 
 8  3.8 
 9  9  9  9 
 8  9  9 
 1.4  8  3.2  8  9 
 1.4  11  2.7  4.2  11 
 1.4  2.2  4.2  11 
 3.2  2.6  4.1  11  3.2  8  9  8  3.1  3.2  8  9  8  3.1  4.1  11 
 3.2  8  3.2  2.6  11 
 3.2  2.4  8  9  8  4.1  11  11 
 3.2  2.8  8  9  9 
 3.2  2.8  8  11  10  12  11 
 3.2  2.8  8  9 
 3.2  2.8  8  9  4.2  11  11 
 11  11  6  11  11 
 8  8  3.8  9  4.2  11 
 9  11 
 8  10 
 8  8 
 8  9 
 1.1  11  2.8  3.1  8  9  4.2  11  11 
 1.3  8  9  8 
 1.3  8  3.2  8 
 1.3  8  4.2  11  12 
 1.3  8  4.2  11  11 
 1.2  2.7  3.3  9 
 1.2  2.7  4.2  11 
 1.6  9 
 4.1  11 
 4.1  12 
 8  4.2  11 
 8  3.1  2.6  9  11 
 8  3.1  8  11  11 
 1.4  2.8  3.1  8 
 1.4  9  8  3.2  8  3.1 
 1.4  9  8  9  8 
 3.2  8  9  2.6  4.1  11 
 3.2  8  9  2.6  9  11 
 3.2  8  9  11  3.6  11 
 3.2  2.3  2.6  4.2  12  11 
 3.2  2.3  8  9  11 
 3.2  2.3  8  9  4.2  11 
 3.3  2.7  2.7  4.1  11  11  12 
 8  8  10 
 12  3.2  8  9  8  11  11 
 12  3.2  9  8  8 
 1.1  2.7  4.2  11  11 
 1.2  2.5  3.2  8  11 
 1.2  2.4  3.1  8  9  8 
 1.7  11  2.7  12 
 10  9  4.2  11  11 
 8  11 
 9  3.3  2.7 
 9  3.1  2.8 
 3.3  2.7  10  4.2  11 
 1.4  10  2.7  3.3 
 3.2  8  9  8  11 
 3.2  2.2  8  9  4.2  11 
 3.2  2.2  10  4.2  11 
 3.2  2.4  8  4.1  11  11 
 3.3  2.7  12 
 3.3  2.7  10  4.2  11 
 3.3  2.7  8  9  8  9 
 10  2.7  8 
 9 
 3.6  11  2.7  8  9  4.2  11 
 10  4.2  11 
 10  4.2  12 
 10  4.2  12 
 10  4.2  11  11 
 10  4.2  11 
 10  9 
 10  9 
 4.2  11  2.7  10  4.2  11 
 4.2  11  2.7  10  12  6  4.2  11 
 4.2  11  2.7  10  4.2  11 
 4.2  11  2.7  12  9  4.2  11 
 4.2  11  2.7  10  12  6  4.2  11 
 9  2.8  9  11  10  4.2  11 
 9  2.7  4.1  11  10  4.2  11 
 1.1  2.7  4.2  11 
 1.2  2.8  3.1  8 
 1.2  2.7  3.3 
 1.2  2.4  3.1  8  9  8 
 1.5  8 
 2.5  3.2  8  4.1  11 
 2.5  3.2  8  3.3  10 
 2.5  3.2  8  10  9 
 8  3.1  8  9  3.4  11 
 8  3.1  8  3.3  2.7  11 
 9  2.7  3.6  11 
 3.2  2.6  12  11  11  11  6  11  11 
 3.2  8  9  8  3.1  4.1  11 
 3.2  2.4  8  9  8  9  8 
 3.2  2.4  8  9  8  4.1  11  6  8  8 
 3.2  2.4  8  9  8  9 
 3.2  2.4  8  9  8  9  4.2  11 
 3.2  2.4  8  9  8  4.1  11 
 3.2  2.3  8  9  9 
 3.2  2.3  8  9  9 
 3.2  2.3  8  3.1  10  9 
 3.2  2.3  8  3.1 
 3.2  2.8  9 
 11  6  11 
 8  8  9  3.4  11 
 12  3.2  8  3.2  2.6  4.2  12  11 
 1.1  2.7  4.2  11  11 
 1.1  2.7  4.2  11  6  4.2  11  3.1  8  9 
 1.1  2.7  12 
 1.1  2.7  3.4  11 
 1.2  2.5  3.2  8  4.1  11 
 1.5  2.8  3.1 
 1.5  2.4  3.1  8  9  8  9 
 2.3  3.1  8  3.8  11 
 2.4  3.1  8  8  6  8 
 11  11 
 9  11 
 2.8  3.3  8  9  9 
 2.8  3.1  11 
 9  9  9  11 
 10  12  10  4.2  11 
 10  12  10  9 
 10  12  10  4.2  11 
 2.5  3.2  8  3.1 
 8  3.1  2.6  4.1  11  11 
 12  11 
 2.6  3.1  8  12  11 
 3.7  11  2.7  8  9 
 1.4  9  9 
 1.4  11  2.8  3.1  8  9  8 
 1.4  11  2.3  3.3  8 
 1.4  9  9 
 1.4  9  2.3  3.3  8 
 3.2  8  9  2.6  9  11 
 3.2  2.8  8  12  9  8  9 
 3.2  2.8  9  8 
 3.2  2.8  8  9 
 3.3  8  9  9  9 
 3.3  2.7  12 
 3.3  2.7  8  9  11  11 
 3.2  2.6  9  8  3.3 
 9  6  9 
 3.3  8  9  8  1.3  3.1  2.8  8 
 4.2  11  11 
 9  2.7  11  6  11 
 3.2  2.8  9 
 1.1  11  2.8  3.3  8  10 
 1.1  11  6  4.2  11  2.7  3.3 
 1.1  2.7  11  2.7  11 
 1.1  11  2.7  3.3 
 1.1  2.7  3.4  11 
 1.3  2.8  3.3  8 
 1.3  2.8  3.1  8  9 
 1.3  2.8  3.1  8  9  11  10  3.4  11 
 1.3  2.8  3.1  8 
 1.3  2.8  3.1  8 
 1.3  3.2  8  9  4.2  11  3.3  8  9  2.6  9  11 
 1.3  2.7  3.4  11 
 1.3  2.2  4.2  12  11  3.1  8  9  3.4  11 
 1.3  2.3  3.3  8  9 
 1.3  2.3  3.3  8  12 
 1.2  2.8  3.1  8  9  8 
 2.8  3.1  12 
 8  3.1  2.6  9  11 
 9  1.4  9  11 
 1.4  11  2.3  3.1  8  8 
 3.2  8  4.1  11 
 3.2  2.4  8  4.1  11  6  4.2  11 
 3.2  2.4  8  4.1  11 
 1.1  11  2.7  8  9 
 1.2  2.7  4.2  11 
 1.2  2.7  4.2  11  11 
 2.8  3.1  9  9 
 2.5  3.2  8  3.6  11 
 2.5  3.1  8  9  9  3.8 
 8  3.1  2.6  9  11 
 8  3.1  8  1.4  9  3.3  8 
 2.6  3.1  8  10  9  11 
 2.6  3.1  8  9 
 2.6  3.1  9  2.6  11  11 
 3.3  8  11  6  3.3  8  9  8  8 
 9  2.7  3.4  11 
 9  2.7  3.4  11 
 1.4  8  3.3  8 
 1.4  9  11 
 3.2  8 
 3.2  2.6  9  8  9 
 3.2  2.6  9  8  8 
 3.2  8  3.3 
 3.2  8  3.2  8  9  8  4.1  11 
 3.2  8 
 3.2  2.4  8  4.1  11  10  4.2  11 
 3.2  2.4  8  9  8  4.2  12  8 
 3.2  2.3  8  3.1  4.1  11 
 3.2  2.3  2.6  4.1  11  6  8  8 
 3.2  2.8  8  9  11 
 3.2  2.8  9  10  12 
 3.2  2.8  12 
 4.2  11  2.2  12 
 9  2.8  9  11  10  4.2  11 
 9  2.7  4.1  11  10  9 
 9  2.7  4.1  11  10  9  6  3.2  8  9  8  3.3  2.7  12  12 
 3.2  2.3  2.6  11  11  6  8  8 
 1.1  2.8  3.1  8  9  2.6 
 1.1  2.4  3.1  8  9  8 
 1.1  2.4  3.1  8  9  8 
 1.7  11 
 2.4  3.1  8  3.8  9  8  9 
 2.4  3.1  8  4.1  11  6  8 
 2.4  3.1  8  11  6  11 
 2.4  3.1  8  9  8 
 2.4  3.1  8  9  11 
 2.4  3.1  8  9  9  8 
 2.4  3.1  8  9  8  9  4.1  11 
 2.4  3.1  8  9  8  11 
 2.8  3.1  8  9  9 
 2.8  3.1  8  9 
 2.8  3.1  8  9  8  4.1  11  6  8 
 2.8  3.1  12 
 2.8  3.1  9 
 2.8  3.1  8  9 
 11  2.7  12 
 8  3.3  11  11 
 8  3.1  8  3.4  11 
 8  3.1  8  9 
 8  3.1  2.6  12  11 
 8  3.1  8  3.3  9 
 8  3.1  8  4.2  11 
 8  3.1  8  9 
 8  3.1  8  9  11 
 8  3.1  8  11 
 8  3.1  8  11 
 8  3.1  8  9  8  9  3.8 
 8  3.1  8  9  8  9  3.8 
 11  3.8 
 8  3.8  4.1  11 
 2.6  3.1  8  9  9 
 1.4  11  2.6  3.1  8  9 
 1.4  11  2.6  3.1  8  9 
 1.4  9  2.4  3.1  8 
 1.4  12  2.8  3.1 
 3.2  8  4.1  11  11 
 3.2  8  9  8  9 
 3.2  2.6  11  10  3.6  11 
 3.2  2.6  9  11  3.6  11 
 3.2  2.6  11  11 
 3.2  8  4.1  12  11 
 3.2  2.3  8  3.8  3.1  8 
 3.2  2.8  12  11 
 3.2  2.8  4.1  11  12 
 3.2  2.8  9  6  3.1 
 3.2  2.8  9  12 
 3.2  2.8  11 
 3.2  2.6  8  9 
 10  2.7  8 
 3.6  11  2.6  8  9 
 3.6  11  2.7  4.1  11 
 3.6  11  2.7  11  11 
 3.6  11  11  11 
 3.6  11 
 9  9  2.7  4.2  12  11 
 3.3  2.7  4.1  11 
 9  11  2.7  12  9  3.6  11 
 9  2.7  3.6  11 
 9  2.7  4.2  12  11  3.2  2.6  8  9 
 3.2  2.6  11  11  6  11  11 
 1.1  2.8  3.1  8  9  8  9 
 1.1  2.8  3.4  11 
 1.1  8  3.1  8 
 1.1  8  3.1  8  9  8 
 1.1  2.7  3.4  12  11 
 1.1  2.7  3.4  12  8 
 1.1  2.7  3.4  11 
 1.2  8  3.1  8 
 1.2  8  3.1  8  11 
 1.2  8  3.1  8  9  3.1  8  9 
 1.2  8  3.1  8 
 1.2  2.1  3.1 
 1.5  8  9  11 
 2.4  3.1  8  9  8  9 
 3.1  8  11  12  9 
 3.4  11  2.8  9  9  8 
 3.4  11 
 2.8  9  9  11 
 8  3.1  8  9  8  9  4.2  11 
 2.6  3.1  8  9  11 
 3.3  8  3.1  8  9  8  11 
 1.4  12  2.8  3.1 
 2.7  4.2  11  10 
 1.1  2.7  3.4  12  11 
 1.5  2.2  3.4  11 
 2.4  3.1  8  9  8  4.1  11 
 2.5  3.2  2.6  4.1  11  6  8  8 
 2.5  3.2  8  3.4  11 
 8  3.1  8  3.7 
 8  3.1  8  1.2  3.3  2.7 
 8  3.1  8  11 
 8  3.3  10  8 
 3.3  8  9  9  8 
 3.2  8  3.1 
 3.2  8  11  11 
 3.2  8  3.3  8  9  9 
 3.2  2.4  8  9  8  11 
 3.2  2.4  8  9  8  11 
 6  3.1  8  3.3  3.2  2.5  8  9 
 3.2  2.8  4.1  11 
 3.2  2.8  9 
 3.2  2.8  9  8 
 3.2  2.8  11 
 12  3.2  8  9  2.6  9 
 4.2  11  2.8  12 
 8  3.3  10 
 1.1  8  3.1  8  9  8 
 1.1  11 
 1.2  2.8  3.1 
 2.4  3.1  8  9  9  8 
 2.5  3.1  8  3.8  4.1  11 
 2.5  3.1  8  3.8 
 2.5  3.1  8  8  9  9 
 2.5  3.1  8  3.8 
 2.5  3.1  8  9  9  9  3.8 
 8  3.1  8  9 
 8  3.1  2.6  4.1  11 
 8  3.1  11 
 8  3.1  8  11 
 8  3.3  9  8  11 
 8  9  8  9 
 11  3.8  1.1  8  3.1  8 
 8  3.3 
 1.4  8  3.1  8  3.3 
 3.2  2.5  8 
 3.2  8  9  8 
 3.2  8  9  8  11  12  9 
 3.2  8  9  8  9 
 3.2  8  3.1  2.6  9  9  8 
 3.2  8  3.1 
 3.2  8  9 
 10  2.7  8  10  12  6  4.2  11 
 8  8  10 
 8  8  11 
 8  8  9  9 
 12  3.2  8  9  8  9 
 9  8  11 
 9  2.7  12 
 8  9  8  3.3 
 1.1  8  9  8 
 1.1  8  9  8 
 1.1  8  9  11  12 
 1.1  2.7  4.2  11  11 
 1.6  2.8  3.1  8 
 1.6  2.8  9  3.1  8 
 1.6  8  3.1  8  9 
 2.8  3.1  12 
 8  3.8 
 8  3.1  8  3.8  11 
 3.2  8  9  11 
 3.2  8  10 
 3.2  8  10  4.1  11 
 3.2  2.6  4.1  11 
 3.2  2.6  11  10  3.6  11 
 3.2  8  9  11 
 3.2  11  2.6  9  8 
 3.2  2.8  4.1  11 
 3.3  8  10  4.2  11 
 3.3  2.7  12  11  11 
 3.6  11  11 
 3.6  11  2.7  12 
 3.6  11  2.6  8  8 
 8  9  11 
 9  2.6  8  4.1  11  11 
 1.2  8  3.1  8 
 1.2  2.7  4.2  12  11 
 1.2  2.7  4.2  11  11 
 6  3.1 
 9  9 
 2.8  3.3  4.2  12 
 2.8  3.1  12 
 2.8  3.1  8  9  8  3.7  11 
 2.8  3.1  8 
 2.8  3.1  12 
 2.8  3.1  11 
 10  4.2  11 
 2.5  3.1  8  9  9 
 2.5  3.1  8  3.8  9  9 
 2.5  3.1  8  9  9  3.8 
 2.5  3.1  8  9 
 2.5  3.1  8  3.8  4.1  11 
 2.5  3.1  8 
 8  3.1  2.6  4.1  11 
 8  3.1  2.6  4.1  11 
 8  3.1  2.6  4.1  11 
 8  3.1  8  9 
 8  3.1  8  1.1  9  8 
 8  3.1  8  1.2  3.2  2.5  8  4.1  11 
 8  3.1  8  1.2  3.6  11  2.8 
 8  3.1  8  9  9 
 8  3.1  8 
 8  3.3  8  4.2  11 
 8  3.8  4.2  11 
 1.4  8  3.1  8 
 1.4  2.7  3.3 
 1.4  11  2.7  3.3 
 1.4  9 
 1.4  9  2.7  3.3 
 2.7  3.3  9  8 
 2.7  3.3  11  10 
 2.7  3.3  10  9  9 
 2.7  3.3  11 
 2.7  3.3  8 
 2.4  3.2  11 
 4.2  12  11  6  4.2  12  11 
 2.1  9  9  11 
 2.1  3.1  10  4.2  11  12  9 
 1.1  2.8  3.1  8 
 1.1  2.8  3.1  8  9 
 1.1  8  3.1  8  8  9 
 1.1  8  3.1  8  9 
 1.1  8  3.1  8 
 1.1  8  3.3  8 
 1.1  8  3.1  2.6 
 1.1  8  3.1  8 
 1.1  8 
 1.1  2.7  3.3 
 1.1  2.4  3.2  8 
 1.1  2.7  10  3.3 
 1.1  2.7  4.2  11 
 1.1  2.7  10 
 1.2  2.8  3.1  9 
 1.2  2.5  3.2  8  4.1  11 
 1.2  8  3.3  8 
 1.2  8  3.1  8  3.3 
 1.2  2.7  3.3  9 
 1.2  2.7  3.3 
 1.7  11  2.7  4.2  12 
 1.5  2.8  3.3 
 1.5  2.8  3.1  8  9 
 1.5  2.7  3.3 
 1.5  8  3.1  9 
 1.5  2.7  8 
 1.6  8  3.1  8  9 
 2.4  3.1  8  3.8  9  8  3.8  9  8 
 3.1  2.6  4.1  12  12  11 
 3.1  8  8  3.6  11 
 2.8  3.1  12  9  3.3 
 2.8  3.1  8  9 
 8  3.1  8  9  8  11 
 8  3.1  8  3.4  11 
 2.6  3.1  8  8 
 3.3  2.7  4.1  11 
 3.3  2.7  12  9  8 
 1.4  11  2.6  3.1  8  9 
 1.4  2.2  4.2  11 
 1.4  2.7  4.2  11 
 3.2  8 
 3.2  2.8  12 
 3.2  2.8  12 
 3.2  2.6  8  3.3 
 1.1  8  3.1  8  9  8 
 1.1  8  3.3  8  9  8 
 1.1  2.7  4.2  11 
 1.3  8  3.1  8  9  8 
 1.2  8  3.1  8  3.3 
 1.2  8  3.1  8  9  8 
 1.2  8  3.3  8 
 8  9 
 8  3.1  8  3.3  2.3  8  9 
 8  3.1  8  3.3  2.7  8  9  8  9 
 1.4  2.7  11 
 2.7  3.3  8 
 2.7  3.3  11 
 2.7  3.3  12 
 3.3  8  9 
 3.3  2.7  10  9  9 
 3.3  2.7  8  9  8  11  11 
 3.3  2.7  11  6  9 
 3.3  2.7  10  9 
 3.3  2.7  8 
 3.3  2.7  12  12 
 4.2  11  2.8  12 
 1.1  2.7  4.2  11  11 
 3.2  8 
 3.2  8 
 8  8 
 3.8  9 
 3.6  11 
 9  11 
 8  10 
 8  10 
 3.2  8 
 9  9 
 9  9 
 8  3.1 
 8  10 
 9  11 
 1.6  9 
 8  3.8 
 8  11 
 8  10 
 12  11 
 2.6  11 
 1.4  9 
 3.2  2.8  9 
 3.2  2.8  11 
 3.2  2.8  8 
 3.6  11 
 9  8  3.2 
 9  11 
 10  3.1 
 8  3.1 
 8  3.8 
 8  3.3 
 12  11 
 3.2  8 
 3.2  8 
 6  8 
 9  10 
 8  11 
 3.3  8 
 8  9 
 8  9 
 1.1  2.7  10 
 8  12 
 11  10 
 8  9  8 
 8  1.1 
 3.2  11  3.3 
 3.2  8  9 
 3.2  2.8  11 
 8  3.3  10 
 8  3.8  8 
 9  8 
 9  11 
 9  2.7  12 
 11  2.7  10 
 1.1  2.7  12 
 8  3.8  10 
 8  9  8 
 8  9 
 3.2  8  3.1 
 3.2  2.8  3.7  11 
 2.7  3.3  11 
 9  2.7  11 
 2.8  3.1  9 
 3.3  2.7  3.6  11 
 9  3.1  2.8 
 8  3.3  9 
 1.1  4.1  11 
 9  8  12 
 8  3.8  4.1  11 
 8  3.8 
 3.2  2.8  10  4.1  11 
 8  10  8 
 11  2.7  11 
 1.5  2.7  8 
 3.1  8  9 
 3.1  8  3.8  10 
 2.5  3.2  8  3.1 
 8  3.8 
 8  3.8  4.1  11 
 1.4  2.7  3.3  8 
 3.2  2.6  9  11 
 3.2  9  8  3.3 
 3.2  2.3  8  9  3.3 
 3.2  2.8  10  4.1  11 
 3.3  2.7  3.7  11 
 3.3  2.7  10  9  3.1 
 9  12 
 1.1  9  3.1 
 3.1  8  3.8  11 
 3.1  2.8  8 
 9  11  2.3  8 
 2.8  3.1  8 
 5 
 3.2  8  9  8 
 3.2  2.3  8  3.1  10 
 3.3  8  11 
 3.3  2.7  4.1  12  11 
 1.1  11  2.7  3.3 
 3.1  2.5  8  3.3 
 8  3.8 
 3.3  8  9  8 
 3.3  11  11 
 3.2  2.6  9  11 
 3.2  8  9  11 
 3.2  2.3  8  3.6  12 
 3.2  2.8  10  3.4  11 
 11  11  12  8 
 3.2  2.8  9  9  3.3 
 1.1  4.1  12  8 
 1.1  2.4  3.2  8 
 3.1  8  9  3.3 
 3.1  2.6  3.6  11 
 8  3.3  6  9 
 8  9  8  10  3.8 
 8  9  8  9  3.3 
 8  9  8  3.8  10 
 9  8  9  8 
 3.2  8  3.4  11 
 3.2  8  3.4  11 
 3.2  2.3  8  9  9 
 3.2  2.3  8  3.3  9 
 3.7  4.1  11  11 
 9  11  6  8 
 8  10  3.4  11 
 9  2.7  12  3.2  8 
 4.2  11  2.7  11 
 4.2  11  2.6  11 
 9  8  4.1  11 
 1.1  11  2.7  11 
 1.1  8  3.1  8 
 1.5  8  3.1  9 
 1.5  2.7  8  9 
 8  9  8  9  12 
 8  9  8  3.8  9 
 3.3  2.7  4.1  12  11 
 3.3  2.7  12  4.1  11 
 3.2  8  8  6  3.2 
 3.2  2.6  4.1  12  11 
 3.3  2.7  8  8 
 3.3  8  9  9 
 3.3  2.7  8  9  10 
 2.5  3.2  8  3.4  11 
 3.3  2.6  4.1  11  11 
 9  2.7  4.1  12  11 
 1.1  8  3.3  8 
 9  9  9  11 
 3.3  2.5  9  8 
 3.3  9  8  12 
 3.3  8  4.1  11 
 3.2  2.8  4.1  11  11 
 6  9  3.2  2.4  8 
 3.2  2.3  8  9  9 
 3.2  2.3  8  3.1  10  12 
 2.7  3.3  9  6  9 
 9  8  3.3  9  3.8 
 11  2.7  11 
 8  9  6  3.6  11 
 11  2.7  8  9 
 3.2  2.8  12  11 
 1.1  2.7  3.4  11 
 3.1  8  9  9 
 8  8  4.2  11 
 8  3.1  8  4.2  11 
 8  9  8  3.4  11 
 3.3  8  3.6  11 
 1.4  2.8  3.1  9 
 3.2  8  9  9  3.3 
 3.3  9  8  11 
 3.3  2.7  10  4.2  11 
 3.6  11  2.7  8 
 9  11  2.6  9  11 
 9  11  2.7  3.6  11 
 1.1  8  9  3.1 
 3.4  11  11  11 
 8  9  8  9  11 
 3.3  8  9  12 
 3.3  8  9  4.1  11 
 3.3  8  3.7  11 
 1.4  9  8  3.3  8 
 3.2  2.4  9  8 
 3.2  2.3  2.6  9  8  9 
 3.2  2.8  9  12  6  3.1 
 8  3.8  10  12 
 9  6  3.4  11 
 4.2  11  11  3.3 
 3.3  2.8  11 
 1.1  4.1  12  11  3.3  2.7 
 1.1  2.7  12  9  3.1 
 3.1  2.8  4.1  11 
 3.3  2.7  8  11 
 3.3  2.2  9  4.1  11  12 
 3.2  2.3  8  9  12 
 3.2  2.3  9  8  3.3 
 3.3  2.7  12  1.1  3.2  8 
 3.3  9  12  3.8 
 9  9  11 
 11  2.7  12  10  12 
 9  2.7  4.1  12  11 
 1.1  12  11 
 1.7  2.4  3.1  8 
 3.3  2.6  4.1  11  6  11 
 3.3  2.7  8  4.1  12  11 
 3.3  2.7  8  9  4.1  11 
 3.2  8  11  3.8 
 3.2  8  9  8  9  3.3 
 3.2  8  10  10  12 
 3.2  8  4.2  11  3.8 
 3.2  9  8  3.8 
 3.2  2.8  8  10  9  3.6  11 
 3.3  2.7  10  4.2  11 
 4.2  11  2.6  9  11 
 3.3  8  3.8  9 
 11  2.7  4.1  11  11 
 3.1  2.5  8  3.8  9  11 
 8  9  11 
 3.2  8  8  9  8  3.8  9 
 3.2  8  3.1  8  9 
 3.2  8  10  4.2  11 
 3.2  2.3  9  8  3.3  9  11 
 3.2  2.8  9  9  3.2  2.5  8  3.3 
 3.2  2.8  9  8  9  8 
 2.7  4.2  11  11  12 
 2.5  3.2  8  9  8 
 8  8  9  4.1  11 
 9  8  9  11 
 4.2  11  2.7  12 
 3.2  9  8  4.2  11 
 1.1  2.3  3.2  8  9 
 1.1  2.7  3.4  11  10  12 
 1.6  8  3.1  8  10  12 
 2.4  3.1  8  9  8 
 3.1  2.8  9  8  3.8 
 8  3.1  8  4.2  11 
 8  3.1  8  11  11 
 8  9  8  10  8  8 
 3.3  8  3.8  12 
 3.3  8  10  9  12 
 1.4  9  4.1  11  11 
 3.2  8  8  6  3.1  10  8 
 3.2  8  9  11  6  11 
 3.2  8  3.3  9  3.6  11  11 
 3.2  2.3  8  9 
 3.2  8  3.2  8  3.6  11 
 3.2  2.4  8  9  8  9 
 3.3  2.7  11  3.1  8  9  11 
 9  8  10  4.2  11 
 3.3  2.2  9  12 
 8  3.1  9  3.4  11 
 9  2.7  4.2  12  11 
 9  8  4.2  11  11 
 3.3  2.8  8  9  4.2  11 
 11  2.8  8  9 
 3.2  2.8  9  12  9  8 
 1.2  8  3.1  8  9  8 
 3.1  2.5  8  1.1  3.1  8 
 2.8  3.1  8  9  9 
 8  12  9  9  8  9 
 11  2.7  4.1  12  11 
 8  3.1  8  9  11 
 8  9  8  9  3.4  11 
 8  9  8  3.8  12  11 
 3.3  2.6  4.1  12  11 
 3.3  2.6  8  4.2  11 
 3.3  2.6  9  4.1  11  11 
 3.3  2.7  12  6  9  11 
 3.3  8  9  4.1  12  11 
 3.3  2.2  9  4.1  12  8 
 3.7  11  2.8  9  11 
 1.4  9  8  9  4.1  11 
 3.2  8  3.2  2.6  8  4.1  11 
 9  3.2  9  8  1.1  3.2  8 
 10  2.7  4.1  12  11 
 4.2  11  2.8  9  10  9 
 9  2.3  8  4.1  11 
 3.2  8  10  4.2  11  11 
 1.1  3.1  10  2.7  12  8 
 1.1  2.7  3.4  12  8 
 3.1  2.4  9  8  3.7  12 
 8  9  8  9  8  3.1  10 
 3.2  8  9  8  3.1  2.8  9 
 3.2  2.6  9  8  4.2  11 
 3.2  2.6  9  8  3.1  9  11 
 3.3  2.7  4.1  12  11 
 3.3  2.7  12  12  6  3.1 
 3.6  11  2.7  8  11  4.1  11 
 11  2.3  8  9  11 
 3.3  2.7  8  4.2  11 
 12  8  8  9  8  9 
 9  2.7  12  4.2  12  11 
 2.4  3.1  8  4.1  11  6  11 
 3.1  9  8  12  9 
 9  2.6  3.7  11 
 3.3  8  9  4.2  11  10  9 
 3.3  8  10  9  3.7  11 
 3.3  8  3.7  11  10  4.2  11 
 3.3  2.2  12  10  3.7  11 
 3.3  2.3  8  9  6  8 
 3.7  11  11  4.1  11 
 3.2  2.6  9  9  8  3.1 
 3.2  2.6  8  9  9  8  9  8 
 8  8  3.8  8  4.2  11 
 9  2.7  6  3.2  8  11 
 1.1  8  3.1  8  3.8  9  8 
 3.1  2.5  12  8  6  8 
 3.4  11  2.7  3.4  11  11 
 2.8  3.1  8  9  2.6  4.1  11 
 2.8  9  3.1  12  9  3.3 
 8  9  8  9  8  10  8 
 3.3  8  3.8  10  4.2  11 
 3.3  2.2  8  9  8  4.1  11 
 3.2  8  9  2.6  9  8  9  3.8 
 3.2  2.6  9  8  4.2  11 
 3.2  2.2  9  9  8  9 
 3.3  8  9  8  4.1  12  11 
 3.2  2.6  8  9  8  8  9 
 8  9  3.4  12  3.8 
 3.3  8  4.2  11  10  3.8 
 9  11  2.7  10  12  11 
 9  8  3.8  2.7  12  9 
 11  2.7  4.2  11  6  11 
 3.2  8  9  9  3.4  11 
 1.1  8  3.1  8  6  9  11 
 4.1  11  11  2.3  8  9  11 
 8  9  9  9  4.2  11 
 3.2  2.6  3.6  11  11  12  11 
 3.2  2.8  12  9  2.6  12  3.1 
 8  3.4  11  10  8 
 8  6  10  2.8  12 
 3.6  12  11  2.8  8  9  3.3 
 4.2  11  2.8  8  9  4.2  11 
 4.2  11  12  8  4.2  11 
 8  9  9  3.1  8 
 3.2  2.8  8  10  3.5  11 
 1.5  9  10  2.3  8  8 
 3.1  8  9  6  3.1  8  9  11 
 3.1  2.4  8  10  3.3  3.8 
 8  3.4  11  10  9  4.2  11 
 3.3  8  3.8  9  4.1  11 
 3.3  8  3.6  11  12 
 3.3  2.7  12  9  12  11  5 
 3.7  11  2.8  9  11  11 
 3.2  8  9  8  9  6  4.2  11 
 3.2  8  3.8  8  10  4.2  11 
 3.3  2.6  8  8  11 
 9  2.8  9  11  10  4.2  11 
 1.1  9  8  4.1  11  12 
 3.1  2.4  9  8  9  3.1  8 
 3.2  8  3.1  9  11  6  3.6  11 
 3.3  2.7  4.1  11  10  3.1  6 
 3.3  2.7  12  11  6  3.1  9  8  3.8 
 10  2.7  8  4.2  11  10  12 
 11  2.7  8  9  8  11 
 4.2  11  3.1  8  9  2.7  8  9 
 4.2  11  2.2  9  12  9  8 
 4.2  11  2.5  8  10  9  11 
 3.3  8  3.7  12  11 
 1.1  4.1  12  9  11  3.3  2.7 
 2.3  3.1  11  3.8  10  10  3.6  11 
 3.1  2.5  8  9  3.1  8 
 3.1  2.8  8  9  4.1  11 
 6  1.5  2.3  8  9  4.2  11  11 
 8  9  8  3.8  9  3.1  8 
 3.3  8  3.8  9  11  11 
 3.3  8  3.7  11  10  4.2  11 
 3.3  9  8  10  4.2  11 
 3.7  11  2.5  8  12  9  3.8 
 3.2  8  9  8  9  9  9 
 3.2  9  8  9  8  9  11 
 3.2  8  3.1  2.6  4.2  12  11 
 3.2  2.4  9  8  10  12  9 
 3.2  2.4  8  9  8  10  9  11 
 3.3  2.7  12  6  9  12 
 4.2  11  10  12  2.7  3.7  11 
 9  2.7  4.1  11  10  4.2  11 
 3.2  9  8  3.8  9  3.7  11 
 2.3  3.1  8  8  9  9 
 2.4  3.1  8  9  8  4.1  11 
 3.1  2.5  9  8  4.2  11  11 
 3.1  2.5  9  9  8  3.8  4.2  11 
 2.8  3.4  11  11  11 
 3.3  8  3.1  8  9  10  9 
 3.3  2.2  8  9  4.1  11  6  11 
 3.2  2.5  8  3.1  4.1  11  6  11 
 10  2.7  8  4.1  12  8  9  11 
 3.3  8  9  6  9  11 
 4.2  11  2.7  8  9  11 
 4.2  11  2.7  12  9  9  11  10 
 9  2.7  4.1  12  9  9  3.1 
 1.1  3.3  8  9  2.7  8  11 
 1.5  6  11  2.4  8  9  4.1  11 
 3.1  2.4  2.6  4.1  11  6  3.4  11 
 3.1  2.3  9  8  8  9  4.2  11 
 3.3  2.7  4.1  12  11  1.3  3.3  2.7  12 
 3.2  2.8  11  6  9  12  9  3.1 
 3.2  8  9  3.2  2.6  8  4.2  11 
 3.2  2.3  8  9  3.6  11  2.7  11 
 11  2.6  9  8  9  11 
 4.2  11  10  8  4.1  11  11 
 9  2.7  4.1  11  6  11  10  3.7  11 
 9  11  2.6  8  4.1  12  9  10 
 3.2  2.4  8  12  8  6  3.5  11 
 3.1  2.5  2.6  8  6  11  11 
 10  4.1  11  3.3  8  3.7  11 
 3.3  8  9  8  11  3.7  12  8 
 9  6  11  2.7  12  6  11 
 9  2.3  8  9  11  11  10 
 9  2.7  4.1  12  11  6  3.7  11 
 8  9  8  12  9  4.2  11 
 12  4.1  11  2.5  8  9  8 
 3.2  2.8  8  9  9  4.1  11  11 
 3.3  2.7  12  9  4.2  11  2.6  8  3.3 
 9  6  11  2.5  8  4.2  11 
 9  3.3  8  12  9  6  3.3  2.1  9 
 4.2  11  2.2  8  10  4.2  11 
 1.1  2.7  4.2  11  6  8  9  11 
 1.2  2.5  3.2  8  4.2  11  11 
 1.6  8  9  3.2  11  3.1  10  10  3.4  11 
 3.2  8  9  8  6  3.2  2.3  2.6  4.2  11 
 3.2  8  10  8  9  3.7  10  9  8 
 3.2  2.6  9  8  9  3.6  11  11 
 6  3.1  2.4  9  8  3.1  2.4  8  3.3 
 3.3  2.7  12  8  8  10  8 
 11  2.7  4.2  12  11  10  4.2  11 
 4.2  11  2.7  8  3.6  11  11 
 4.2  11  2.3  9  8  9 
 3.3  8  9  6  3.3  2.1  4.2  11  6  4.2  11 
 3.2  2.4  8  9  6  9  3.2  2.2  12 
 4.2  11  11  4.2  11  12  11 
 9  2.7  4.1  12  11  10  4.2  11 
 8  9  8  10  4.2  12  11  6  11 
 3.1  2.8  8  9  8  9  11  12  11 
 3.3  8  10  4.2  12  11 
 3.2  2.3  8  9  9  4.2  11  6  9  11 
 10  2.7  8  9  9  2.6  4.1  11  2.3  3.2 
 8  8  4.2  11  10  4.2  11 
 3.3  2.7  8  10  4.2  11  6  4.2  11 
 4.2  11  2.7  12  9  10  4.2  11 
 9  11  10  4.2  11  2.8  12 
 3.3  9  8  10  12  9  3.7  11  11 
 1.4  12  6  11  4.2  11  2.7 
 8  11  2.7  8  8  4.1  11 
 8  9  3.4  11  2.7  12  9  3.1 
 3.3  8  9  10  4.2  11  12  9 
 3.3  12  3.8  9  4.1  11  11  11 
 3.3  8  11  12  11  10  4.2  11 
 3.2  8  11  6  3.2  8  11  11  12  9 
 3.3  2.7  12  9  3.3  8  9  8  3.5  11 
 9  11  2.6  8  9  6  8  9 
 8  8  3.6  12  8  9  3.4  11 
 4.2  11  6  3.7  11  11  3.7  12  9 
 9  8  3.1  2.8  9  8  4.1  12  11 
 3.4  11  2.7  8  9  9  9 
 2.4  3.1  8  3.8  1.2  3.2  2.5  11  3.6  11 
 8  3.1  2.6  9  8  9  4.2  11  11 
 3.3  8  9  8  4.1  11  10  3.7  11 
 3.7  12  11  2.6  8  12 
 3.2  8  9  9  2.4  8  8 
 3.2  8  9  8  3.3  2.3  8  9  4.1  12  11 
 3.2  2.8  9  9  6  3.2  2.6  8  4.2  11 
 3.6  11  2.7  10  12  8  9  4.2  11 
 3.3  2.6  8  4.2  11  6  11  6  11 
 3.3  8  3.3  2.2  8  10  4.2  12  8 
 3.2  2.8  8  9  9  3.4  11  12  11 
 3.2  2.6  9  8  10  9  9  8  4.2  11 
 3.2  8  3.8  8  11  10  4.2  11 
 4.2  11  11  4.1  12  8  6  11 
 3.3  2.1  11  6  4.2  11  11  10 
 3.7  11  2.8  9  8  10  3.6  11 
 11  12  6  9  11  2.7  8  9  11 
 3.3  2.8  8  10  1.5  2.4  8  4.2  11 
 11  4.1  11  3.2  2.3  8  9  3.1  10  4.1  12 
 3.2  8  10  9  9  3.2  2.4  8  4.2  11 
 8  9  8  4.2  11  11  10  4.2  11  11 
 3.3  2.6  9  8  9  9  8  3.7  11 
 3.2  2.8  9  8  11  10  4.2  11 
 3.3  9  8  10  10  3.6  11  10  3.7  11  11 
 3.2  2.3  11  11  3.7  12  6  3.3  8  9  8  3.8 
 6  3.2  2.1  3.1  3.2  2.4  9  8  12  9  11 
 6  3.1  8  9  8  3.1  2.3  8  9  8  4.2  11 
 3.3  8  3.3  9  9  3.3  8  9  8  8 
 9  11  11  2.7  12  8  10  4.2  12  11 
 1.4  2.5  3.2  8  10  9  11  3.2  8  3.2  2.1  4.1  11 
 3.2  9  8  4.1  12  11  2.4  8  3.1  12 
 9  11  11  11  6  8  4.1  11  11 
 4.2  11  11  2.3  8  3.1  9  4.2  11 
 3.3  8  4.1  12  8  10  4.2  11  11 
 9  4.1  11  6  11  3.3  2.2  8  9  8  9 
 3.2  2.3  8  10  9  3.2  8  9  8  9 
 9  8  1.1  8  3.3  2.4  9  8  4.1  11 
 3.3  8  9  8  3.4  11  6  3.2  11  6  3.3  2.7 
 3.2  2.8  9  9  9  3.2  2.4  8  9  12  8 
 9  9  8  3.2  8  3.7  6  3.2  2.2  3.7  12  11 
 3.2  2.6  8  9  8  9  9  4.2  11  2.7  11 
 8  3.1  8  11  2.8  4.1  11  2.7  12  11 
 3.3  8  3.8  3.3  6  3.2  8  3.8  11 
 3.3  2.7  12  8  6  3.1  8  9  9  6  9 
 1.1  3.2  8  9  10  2.7  12  9  3.3  6  11 
 3.1  8  9  8  10  4.2  11  6  3.4  11 
 3.3  8  4.1  11  6  11  11  10  3.8 
 11  11  11  12  9  9  8  9  3.3 
 3.2  2.8  8  9  2.6  4.2  11  11  12  11 
 8  3.1  8  3.1  2.3  8  12  9  8  9  8  8  9 
 3.2  2.8  10  8  6  4.2  11  1.3  4.2  11  2.7  12 
 9  10  9  11  2.7  12  3.2  2.6  9  8  9 
 3.3  8  9  6  4.2  11  4.1  12  11  10  3.7  11 
 9  9  8  9  2.5  3.2  8  10  8  9 
 8  3.3  9  3.1  2.3  8  9  9  10  4.1  11  6  11 
 3.2  8  9  8  4.2  11  3.2  2.8  8  9  8  9 
 3.3  2.7  8  9  8  10  12  6  3.2  11  3.3  2.3 
 9  2.7  4.1  12  9  12  12  11  11  10  4.2  11 
 4.2  12  8  6  11  2.3  8  9  11 
 3.2  2.4  8  9  8  9  9  6  3.1  9  3.5  12  8 
 9  3.2  2.8  9  3.2  2.4  8  9  8  4.1  12  11  6  9  11 
 8  10  6  10  4.2  11  2.4  8  9  11  11 
 2.6  3.3  9  8  9  4.2  11  11  3.3  2.4  9  2.6  8  9 
 1.4  9  3.1  2.5  8  9  4.2  11  2.3  9  8  9  8 
 3.2  8  9  8  3.1  9  3.2  2.8  12  9  8  3.1  11 
 3.3  8  3.8  9  11  11  6  3.2  2.4  9  8  3.8 
 4.1  12  11  6  11  2.3  8  3.4  11  6  11 
 3.2  2.8  8  9  4.2  11 
 3.3  8  3.3  2.4  8  9 
 8  9  8  10 
 3.3  2.7  10  4.2  11 
 8  8  10  4.2  11 
